positive/2018-10-19-05-00-00_4-10-2018-10-19-03-00-04.bmp 1 420 567 909 855
positive/2018-10-19-05-00-06_4-10-2018-10-19-03-00-10.bmp 1 417 558 921 840
positive/2018-10-19-05-00-13_4-10-2018-10-19-03-00-17.bmp 1 420 558 906 861
positive/2018-10-19-05-00-20_4-10-2018-10-19-03-00-23.bmp 1 423 570 912 864
positive/2018-10-19-05-00-26_4-10-2018-10-19-03-00-30.bmp 1 426 579 924 840
positive/2018-10-19-05-00-33_4-10-2018-10-19-03-00-37.bmp 1 429 564 903 843
positive/2018-10-19-05-00-39_4-10-2018-10-19-03-00-43.bmp 1 426 573 906 834
positive/2018-10-19-05-00-46_4-10-2018-10-19-03-00-50.bmp 1 420 573 906 837
positive/2018-10-19-05-00-52_4-10-2018-10-19-03-00-56.bmp 1 405 582 918 825
positive/2018-10-19-05-00-59_4-10-2018-10-19-03-01-03.bmp 1 423 564 906 846
positive/2018-10-19-05-01-05_4-10-2018-10-19-03-01-09.bmp 1 423 579 906 828
positive/2018-10-19-05-01-12_4-10-2018-10-19-03-01-16.bmp 1 420 570 906 840
positive/2018-10-19-05-01-18_4-10-2018-10-19-03-01-22.bmp 1 432 564 906 843
positive/2018-10-19-05-01-25_4-10-2018-10-19-03-01-29.bmp 1 420 564 918 834
positive/2018-10-19-05-01-31_4-10-2018-10-19-03-01-35.bmp 1 411 582 912 819
positive/2018-10-19-05-01-38_4-10-2018-10-19-03-01-41.bmp 1 417 567 909 828
positive/2018-10-19-05-01-44_4-10-2018-10-19-03-01-48.bmp 1 429 591 912 816
positive/2018-10-19-05-01-51_4-10-2018-10-19-03-01-55.bmp 1 417 576 903 819
positive/2018-10-19-05-01-57_4-10-2018-10-19-03-02-01.bmp 1 429 564 888 834
positive/2018-10-19-05-02-03_4-10-2018-10-19-03-02-07.bmp 1 420 570 915 831
positive/2018-10-19-05-02-10_4-10-2018-10-19-03-02-14.bmp 1 417 570 915 831
positive/2018-10-19-05-02-16_4-10-2018-10-19-03-02-20.bmp 1 408 573 909 831
positive/2018-10-19-05-02-22_4-10-2018-10-19-03-02-26.bmp 1 411 579 921 831
positive/2018-10-19-05-02-29_4-10-2018-10-19-03-02-32.bmp 1 417 576 900 831
positive/2018-10-19-05-02-35_4-10-2018-10-19-03-02-39.bmp 1 408 570 921 840
positive/2018-10-19-05-02-41_4-10-2018-10-19-03-02-45.bmp 1 420 573 921 828
positive/2018-10-19-05-02-47_4-10-2018-10-19-03-02-51.bmp 1 426 570 900 840
positive/2018-10-19-05-02-54_4-10-2018-10-19-03-02-58.bmp 1 408 579 918 837
positive/2018-10-19-05-03-00_4-10-2018-10-19-03-03-04.bmp 1 414 573 918 834
positive/2018-10-19-05-03-06_4-10-2018-10-19-03-03-10.bmp 1 414 570 903 840
positive/2018-10-19-05-03-12_4-10-2018-10-19-03-03-16.bmp 1 426 567 909 828
positive/2018-10-19-05-03-18_4-10-2018-10-19-03-03-22.bmp 1 414 576 915 831
positive/2018-10-19-05-03-25_4-10-2018-10-19-03-03-28.bmp 1 420 567 906 834
positive/2018-10-19-05-03-31_4-10-2018-10-19-03-03-35.bmp 1 420 576 903 831
positive/2018-10-19-05-03-37_4-10-2018-10-19-03-03-41.bmp 1 420 573 915 840
positive/2018-10-19-05-03-43_4-10-2018-10-19-03-03-47.bmp 1 426 564 909 837
positive/2018-10-19-05-03-50_4-10-2018-10-19-03-03-54.bmp 1 414 570 915 816
positive/2018-10-19-05-03-56_4-10-2018-10-19-03-04-00.bmp 1 414 570 918 822
positive/2018-10-19-05-04-03_4-10-2018-10-19-03-04-07.bmp 1 429 567 894 822
positive/2018-10-19-05-04-10_4-10-2018-10-19-03-04-13.bmp 1 423 564 906 834
positive/2018-10-19-05-04-16_4-10-2018-10-19-03-04-20.bmp 1 417 567 903 825
positive/2018-10-19-05-04-23_4-10-2018-10-19-03-04-27.bmp 1 423 564 903 825
positive/2018-10-19-05-04-29_4-10-2018-10-19-03-04-33.bmp 1 411 582 915 807
positive/2018-10-19-05-04-36_4-10-2018-10-19-03-04-40.bmp 1 417 573 897 816
positive/2018-10-19-05-04-43_4-10-2018-10-19-03-04-46.bmp 1 405 582 936 813
positive/2018-10-19-05-04-49_4-10-2018-10-19-03-04-53.bmp 1 411 573 912 831
positive/2018-10-19-05-04-56_4-10-2018-10-19-03-05-00.bmp 1 432 567 921 828
positive/2018-10-19-05-05-02_4-10-2018-10-19-03-05-06.bmp 1 423 585 912 816
positive/2018-10-19-05-05-09_4-10-2018-10-19-03-05-12.bmp 1 414 564 909 837
positive/2018-10-19-05-05-15_4-10-2018-10-19-03-05-19.bmp 1 405 576 918 828
positive/2018-10-19-05-05-22_4-10-2018-10-19-03-05-26.bmp 1 414 579 927 825
positive/2018-10-19-05-05-28_4-10-2018-10-19-03-05-32.bmp 1 423 564 915 831
positive/2018-10-19-05-05-34_4-10-2018-10-19-03-05-38.bmp 1 432 567 897 834
positive/2018-10-19-05-05-41_4-10-2018-10-19-03-05-45.bmp 1 414 561 912 837
positive/2018-10-19-05-05-47_4-10-2018-10-19-03-05-51.bmp 1 414 582 909 819
positive/2018-10-19-05-05-54_4-10-2018-10-19-03-05-57.bmp 1 432 567 918 828
positive/2018-10-19-05-06-00_4-10-2018-10-19-03-06-04.bmp 1 414 573 918 816
positive/2018-10-19-05-06-06_4-10-2018-10-19-03-06-10.bmp 1 426 561 915 819
positive/2018-10-19-05-06-13_4-10-2018-10-19-03-06-17.bmp 1 420 558 900 840
positive/2018-10-19-05-06-19_4-10-2018-10-19-03-06-23.bmp 1 414 564 918 828
positive/2018-10-19-05-06-25_4-10-2018-10-19-03-06-29.bmp 1 408 570 927 828
positive/2018-10-19-05-06-32_4-10-2018-10-19-03-06-36.bmp 1 411 573 918 819
positive/2018-10-19-05-06-38_4-10-2018-10-19-03-06-42.bmp 1 417 573 924 822
positive/2018-10-19-05-06-44_4-10-2018-10-19-03-06-48.bmp 1 420 573 906 816
positive/2018-10-19-05-06-51_4-10-2018-10-19-03-06-55.bmp 1 414 570 906 819
positive/2018-10-19-05-06-57_4-10-2018-10-19-03-07-01.bmp 1 417 570 912 819
positive/2018-10-19-05-07-03_4-10-2018-10-19-03-07-07.bmp 1 405 576 912 807
positive/2018-10-19-05-07-09_4-10-2018-10-19-03-07-13.bmp 1 432 561 918 831
positive/2018-10-19-05-07-15_4-10-2018-10-19-03-07-19.bmp 1 417 564 912 822
positive/2018-10-19-05-07-22_4-10-2018-10-19-03-07-25.bmp 1 408 570 909 816
positive/2018-10-19-05-07-28_4-10-2018-10-19-03-07-32.bmp 1 426 567 900 825
positive/2018-10-19-05-07-34_4-10-2018-10-19-03-07-38.bmp 1 435 579 897 822
positive/2018-10-19-05-07-40_4-10-2018-10-19-03-07-44.bmp 1 405 570 912 822
positive/2018-10-19-05-07-46_4-10-2018-10-19-03-07-50.bmp 1 396 573 924 813
positive/2018-10-19-05-07-53_4-10-2018-10-19-03-07-57.bmp 1 417 576 900 825
positive/2018-10-19-05-07-59_4-10-2018-10-19-03-08-03.bmp 1 411 570 921 822
positive/2018-10-19-05-08-06_4-10-2018-10-19-03-08-10.bmp 1 426 579 915 828
positive/2018-10-19-05-08-13_4-10-2018-10-19-03-08-16.bmp 1 414 579 906 813
positive/2018-10-19-05-08-19_4-10-2018-10-19-03-08-24.bmp 1 408 573 921 822
positive/2018-10-19-05-08-26_4-10-2018-10-19-03-08-31.bmp 1 417 582 912 819
positive/2018-10-19-05-08-32_4-10-2018-10-19-03-08-37.bmp 1 417 576 915 822
positive/2018-10-19-05-08-39_4-10-2018-10-19-03-08-44.bmp 1 414 570 909 822
positive/2018-10-19-05-08-47_4-10-2018-10-19-03-08-52.bmp 1 414 570 909 825
positive/2018-10-19-05-08-54_4-10-2018-10-19-03-08-58.bmp 1 423 573 915 822
positive/2018-10-19-05-09-00_4-10-2018-10-19-03-09-05.bmp 1 411 567 909 819
positive/2018-10-19-05-09-07_4-10-2018-10-19-03-09-12.bmp 1 405 564 915 828
positive/2018-10-19-05-09-13_4-10-2018-10-19-03-09-18.bmp 1 411 570 915 825
positive/2018-10-19-05-09-20_4-10-2018-10-19-03-09-24.bmp 1 426 570 909 828
positive/2018-10-19-05-09-26_4-10-2018-10-19-03-09-31.bmp 1 408 573 918 819
positive/2018-10-19-05-09-34_4-10-2018-10-19-03-09-39.bmp 1 402 573 918 822
positive/2018-10-19-05-09-40_4-10-2018-10-19-03-09-45.bmp 1 405 579 921 819
positive/2018-10-19-05-09-48_4-10-2018-10-19-03-09-53.bmp 1 411 570 918 825
positive/2018-10-19-05-09-55_4-10-2018-10-19-03-10-00.bmp 1 429 567 918 810
positive/2018-10-19-05-10-03_4-10-2018-10-19-03-10-08.bmp 1 414 573 912 825
positive/2018-10-19-05-10-09_4-10-2018-10-19-03-10-14.bmp 1 426 564 909 825
positive/2018-10-19-05-10-17_4-10-2018-10-19-03-10-22.bmp 1 408 573 909 822
positive/2018-10-19-05-10-23_4-10-2018-10-19-03-10-28.bmp 1 414 564 909 831
positive/2018-10-19-05-10-29_4-10-2018-10-19-03-10-34.bmp 1 411 579 912 822
positive/2018-10-19-05-10-36_4-10-2018-10-19-03-10-41.bmp 1 414 570 912 828
positive/2018-10-19-05-10-42_4-10-2018-10-19-03-10-47.bmp 1 402 576 915 831
